-1.97235 1.5796 -1.93983 -1.44325 1.3016 -1.13811 0.153127 0.960581 0.232027 1 track_refs/reference_0.jpeg
-1.97235 1.5796 -1.93983 -1.44325 1.3016 -1.13811 0.153127 0.960581 0.232027 1 track_refs/reference_1.jpeg
-1.97235 1.5796 -1.93983 -1.44325 1.3016 -1.13811 0.153127 0.960581 0.232027 1 track_refs/reference_2.jpeg
-1.97235 1.5796 -1.93983 -1.44325 1.3016 -1.13811 0.153127 0.960581 0.232027 1 track_refs/reference_3.jpeg
-1.97235 1.5796 -1.93983 -1.44325 1.3016 -1.13811 0.153127 0.960581 0.232027 1 track_refs/reference_4.jpeg
-1.97235 1.5796 -1.93983 -1.44325 1.3016 -1.13811 0.153127 0.960581 0.232027 1 track_refs/reference_5.jpeg
-1.97235 1.5796 -1.93983 -1.44325 1.3016 -1.13811 0.153127 0.960581 0.232027 1 track_refs/reference_6.jpeg
-1.97235 1.5796 -1.93983 -1.44325 1.3016 -1.13811 0.153127 0.960581 0.232027 1 track_refs/reference_7.jpeg
-1.97235 1.5796 -1.93983 -1.44325 1.3016 -1.13811 0.153127 0.960581 0.232027 1 track_refs/reference_8.jpeg
-1.97235 1.5796 -1.93983 -1.44325 1.3016 -1.13811 0.153127 0.960581 0.232027 1 track_refs/reference_9.jpeg
-1.97235 1.5796 -1.93983 -1.44325 1.3016 -1.13811 0.153127 0.960581 0.232027 1 track_refs/reference_10.jpeg
-1.97235 1.5796 -1.93983 -1.44325 1.3016 -1.13811 0.153127 0.960581 0.232027 1 track_refs/reference_11.jpeg
-1.97235 1.5796 -1.93983 -1.44325 1.3016 -1.13811 0.153127 0.960581 0.232027 1 track_refs/reference_12.jpeg
-1.97235 1.5796 -1.93983 -1.44325 1.3016 -1.13811 0.153127 0.960581 0.232027 1 track_refs/reference_13.jpeg
-1.97235 1.5796 -1.93983 -1.44325 1.3016 -1.13811 0.153127 0.960581 0.232027 1 track_refs/reference_14.jpeg
-1.97235 1.5796 -1.93983 -1.44325 1.3016 -1.13811 0.153127 0.960581 0.232027 1 track_refs/reference_15.jpeg
-1.97235 1.5796 -1.93983 -1.44325 1.3016 -1.13811 0.153127 0.960581 0.232027 1 track_refs/reference_16.jpeg
-1.97235 1.5796 -1.93983 -1.44325 1.3016 -1.13811 0.153127 0.960581 0.232027 1 track_refs/reference_17.jpeg
-1.97235 1.5796 -1.93983 -1.44325 1.3016 -1.13811 0.153127 0.960581 0.232027 1 track_refs/reference_18.jpeg
-1.97235 1.5796 -1.93983 -1.44325 1.3016 -1.13811 0.153127 0.960581 0.232027 1 track_refs/reference_19.jpeg
-1.97235 1.5796 -1.93983 -1.44325 1.3016 -1.13811 0.153127 0.960581 0.232027 1 track_refs/reference_20.jpeg
-1.97235 1.5796 -1.93983 -1.44325 1.3016 -1.13811 0.153127 0.960581 0.232027 1 track_refs/reference_21.jpeg
-1.97235 1.5796 -1.93983 -1.44325 1.3016 -1.13811 0.153127 0.960581 0.232027 1 track_refs/reference_22.jpeg
-1.97235 1.5796 -1.93983 -1.44325 1.3016 -1.13811 0.153127 0.960581 0.232027 1 track_refs/reference_23.jpeg
-1.97235 1.5796 -1.93983 -1.44325 1.3016 -1.13811 0.153127 0.960581 0.232027 1 track_refs/reference_24.jpeg
-1.97235 1.5796 -1.93983 -1.44325 1.3016 -1.13811 0.153127 0.960581 0.232027 1 track_refs/reference_25.jpeg
-1.97235 1.5796 -1.93983 -1.44325 1.3016 -1.13811 0.153127 0.960581 0.232027 1 track_refs/reference_26.jpeg
-1.97235 1.5796 -1.93983 -1.44325 1.3016 -1.13811 0.153127 0.960581 0.232027 1 track_refs/reference_27.jpeg
-1.97235 1.5796 -1.93983 -1.44325 1.3016 -1.13811 0.153127 0.960581 0.232027 1 track_refs/reference_28.jpeg
-1.97235 1.5796 -1.93983 -1.44325 1.3016 -1.13811 0.153127 0.960581 0.232027 1 track_refs/reference_29.jpeg
-1.97235 1.5796 -1.93983 -1.44325 1.3016 -1.13811 0.153127 0.960581 0.232027 1 track_refs/reference_30.jpeg
-1.97235 1.5796 -1.93983 -1.44325 1.3016 -1.13811 0.153127 0.960581 0.232027 1 track_refs/reference_31.jpeg
-1.97235 1.5796 -1.93983 -1.44325 1.3016 -1.13811 0.153127 0.960581 0.232027 1 track_refs/reference_32.jpeg
-1.97235 1.5796 -1.93983 -1.44325 1.3016 -1.13811 0.153127 0.960581 0.232027 1 track_refs/reference_33.jpeg
-1.97235 1.5796 -1.93983 -1.44325 1.3016 -1.13811 0.153127 0.960581 0.232027 1 track_refs/reference_34.jpeg
-1.97235 1.5796 -1.93983 -1.44325 1.3016 -1.13811 0.153127 0.960581 0.232027 1 track_refs/reference_35.jpeg
-1.97235 1.5796 -1.93983 -1.44325 1.3016 -1.13811 0.153127 0.960581 0.232027 1 track_refs/reference_36.jpeg
-1.97235 1.5796 -1.93983 -1.44325 1.3016 -1.13811 0.153127 0.960581 0.232027 1 track_refs/reference_37.jpeg
-1.97235 1.5796 -1.93983 -1.44325 1.3016 -1.13811 0.153127 0.960581 0.232027 1 track_refs/reference_38.jpeg
-1.97235 1.5796 -1.93983 -1.44325 1.3016 -1.13811 0.153127 0.960581 0.232027 1 track_refs/reference_39.jpeg
-1.97235 1.5796 -1.93983 -1.44325 1.3016 -1.13811 0.153127 0.960581 0.232027 1 track_refs/reference_40.jpeg
-1.97235 1.5796 -1.93983 -1.44325 1.3016 -1.13811 0.153127 0.960581 0.232027 1 track_refs/reference_41.jpeg
-1.97235 1.5796 -1.93983 -1.44325 1.3016 -1.13811 0.153127 0.960581 0.232027 1 track_refs/reference_42.jpeg
-1.97235 1.5796 -1.93983 -1.44325 1.3016 -1.13811 0.153127 0.960581 0.232027 1 track_refs/reference_43.jpeg
-1.97235 1.5796 -1.93983 -1.44325 1.3016 -1.13811 0.153127 0.960581 0.232027 1 track_refs/reference_44.jpeg
-1.97235 1.5796 -1.93983 -1.44325 1.3016 -1.13811 0.153127 0.960581 0.232027 1 track_refs/reference_45.jpeg
-1.97235 1.5796 -1.93983 -1.44325 1.3016 -1.13811 0.153127 0.960581 0.232027 1 track_refs/reference_46.jpeg
-1.97235 1.5796 -1.93983 -1.44325 1.3016 -1.13811 0.153127 0.960581 0.232027 1 track_refs/reference_47.jpeg
-1.97235 1.5796 -1.93983 -1.44325 1.3016 -1.13811 0.153127 0.960581 0.232027 1 track_refs/reference_48.jpeg
-1.97235 1.5796 -1.93983 -1.44325 1.3016 -1.13811 0.153127 0.960581 0.232027 1 track_refs/reference_49.jpeg
-1.97235 1.5796 -1.93983 -1.44325 1.3016 -1.13811 0.153127 0.960581 0.232027 1 track_refs/reference_50.jpeg
-1.97235 1.5796 -1.93983 -1.44325 1.3016 -1.13811 0.153127 0.960581 0.232027 1 track_refs/reference_51.jpeg
-1.97235 1.5796 -1.93983 -1.44325 1.3016 -1.13811 0.153127 0.960581 0.232027 1 track_refs/reference_52.jpeg
-1.97235 1.5796 -1.93983 -1.44325 1.3016 -1.13811 0.153127 0.960581 0.232027 1 track_refs/reference_53.jpeg
-1.97235 1.5796 -1.93983 -1.44325 1.3016 -1.13811 0.153127 0.960581 0.232027 1 track_refs/reference_54.jpeg
-1.97235 1.5796 -1.93983 -1.44325 1.3016 -1.13811 0.153127 0.960581 0.232027 1 track_refs/reference_55.jpeg
-1.97235 1.5796 -1.93983 -1.44325 1.3016 -1.13811 0.153127 0.960581 0.232027 1 track_refs/reference_56.jpeg
-1.97235 1.5796 -1.93983 -1.44325 1.3016 -1.13811 0.153127 0.960581 0.232027 1 track_refs/reference_57.jpeg
-1.97235 1.5796 -1.93983 -1.44325 1.3016 -1.13811 0.153127 0.960581 0.232027 1 track_refs/reference_58.jpeg
-1.97235 1.5796 -1.93983 -1.44325 1.3016 -1.13811 0.153127 0.960581 0.232027 1 track_refs/reference_59.jpeg
-1.97235 1.5796 -1.93983 -1.44325 1.3016 -1.13811 0.153127 0.960581 0.232027 1 track_refs/reference_60.jpeg
-1.97235 1.5796 -1.93983 -1.44325 1.3016 -1.13811 0.153127 0.960581 0.232027 1 track_refs/reference_61.jpeg
-1.97235 1.5796 -1.93983 -1.44325 1.3016 -1.13811 0.153127 0.960581 0.232027 1 track_refs/reference_62.jpeg
-1.97235 1.5796 -1.93983 -1.44325 1.3016 -1.13811 0.153127 0.960581 0.232027 1 track_refs/reference_63.jpeg
-1.97235 1.5796 -1.93983 -1.44325 1.3016 -1.13811 0.153127 0.960581 0.232027 1 track_refs/reference_64.jpeg
-1.97235 1.5796 -1.93983 -1.44325 1.3016 -1.13811 0.153127 0.960581 0.232027 1 track_refs/reference_65.jpeg
-1.97235 1.5796 -1.93983 -1.44325 1.3016 -1.13811 0.153127 0.960581 0.232027 1 track_refs/reference_66.jpeg
-1.97235 1.5796 -1.93983 -1.44325 1.3016 -1.13811 0.153127 0.960581 0.232027 1 track_refs/reference_67.jpeg
-1.97235 1.5796 -1.93983 -1.44325 1.3016 -1.13811 0.153127 0.960581 0.232027 1 track_refs/reference_68.jpeg
-1.97235 1.5796 -1.93983 -1.44325 1.3016 -1.13811 0.153127 0.960581 0.232027 1 track_refs/reference_69.jpeg
-1.97235 1.5796 -1.93983 -1.44325 1.3016 -1.13811 0.153127 0.960581 0.232027 1 track_refs/reference_70.jpeg
-1.97235 1.5796 -1.93983 -1.44325 1.3016 -1.13811 0.153127 0.960581 0.232027 1 track_refs/reference_71.jpeg
-1.97235 1.5796 -1.93983 -1.44325 1.3016 -1.13811 0.153127 0.960581 0.232027 1 track_refs/reference_72.jpeg
-1.97235 1.5796 -1.93983 -1.44325 1.3016 -1.13811 0.153127 0.960581 0.232027 1 track_refs/reference_73.jpeg
-1.97235 1.5796 -1.93983 -1.44325 1.3016 -1.13811 0.153127 0.960581 0.232027 1 track_refs/reference_74.jpeg
-1.97235 1.5796 -1.93983 -1.44325 1.3016 -1.13811 0.153127 0.960581 0.232027 1 track_refs/reference_75.jpeg
-1.97235 1.5796 -1.93983 -1.44325 1.3016 -1.13811 0.153127 0.960581 0.232027 1 track_refs/reference_76.jpeg
-1.97235 1.5796 -1.93983 -1.44325 1.3016 -1.13811 0.153127 0.960581 0.232027 1 track_refs/reference_77.jpeg
-1.97235 1.5796 -1.93983 -1.44325 1.3016 -1.13811 0.153127 0.960581 0.232027 1 track_refs/reference_78.jpeg
-1.97235 1.5796 -1.93983 -1.44325 1.3016 -1.13811 0.153127 0.960581 0.232027 1 track_refs/reference_79.jpeg
-1.97235 1.5796 -1.93983 -1.44325 1.3016 -1.13811 0.153127 0.960581 0.232027 1 track_refs/reference_80.jpeg
-1.97235 1.5796 -1.93983 -1.44325 1.3016 -1.13811 0.153127 0.960581 0.232027 1 track_refs/reference_81.jpeg
-1.97235 1.5796 -1.93983 -1.44325 1.3016 -1.13811 0.153127 0.960581 0.232027 1 track_refs/reference_82.jpeg
-1.97235 1.5796 -1.93983 -1.44325 1.3016 -1.13811 0.153127 0.960581 0.232027 1 track_refs/reference_83.jpeg
-1.97235 1.5796 -1.93983 -1.44325 1.3016 -1.13811 0.153127 0.960581 0.232027 1 track_refs/reference_84.jpeg
-1.97235 1.5796 -1.93983 -1.44325 1.3016 -1.13811 0.153127 0.960581 0.232027 1 track_refs/reference_85.jpeg
-1.97235 1.5796 -1.93983 -1.44325 1.3016 -1.13811 0.153127 0.960581 0.232027 1 track_refs/reference_86.jpeg
-1.97235 1.5796 -1.93983 -1.44325 1.3016 -1.13811 0.153127 0.960581 0.232027 1 track_refs/reference_87.jpeg
-1.97235 1.5796 -1.93983 -1.44325 1.3016 -1.13811 0.153127 0.960581 0.232027 1 track_refs/reference_88.jpeg
-1.97235 1.5796 -1.93983 -1.44325 1.3016 -1.13811 0.153127 0.960581 0.232027 1 track_refs/reference_89.jpeg
-1.97235 1.5796 -1.93983 -1.44325 1.3016 -1.13811 0.153127 0.960581 0.232027 1 track_refs/reference_90.jpeg
-1.97235 1.5796 -1.93983 -1.44325 1.3016 -1.13811 0.153127 0.960581 0.232027 1 track_refs/reference_91.jpeg
-1.97235 1.5796 -1.93983 -1.44325 1.3016 -1.13811 0.153127 0.960581 0.232027 1 track_refs/reference_92.jpeg
-1.97235 1.5796 -1.93983 -1.44325 1.3016 -1.13811 0.153127 0.960581 0.232027 1 track_refs/reference_93.jpeg
-1.97235 1.5796 -1.93983 -1.44325 1.3016 -1.13811 0.153127 0.960581 0.232027 1 track_refs/reference_94.jpeg
-1.97235 1.5796 -1.93983 -1.44325 1.3016 -1.13811 0.153127 0.960581 0.232027 1 track_refs/reference_95.jpeg
-1.97235 1.5796 -1.93983 -1.44325 1.3016 -1.13811 0.153127 0.960581 0.232027 1 track_refs/reference_96.jpeg
-1.97235 1.5796 -1.93983 -1.44325 1.3016 -1.13811 0.153127 0.960581 0.232027 1 track_refs/reference_97.jpeg
-1.97235 1.5796 -1.93983 -1.44325 1.3016 -1.13811 0.153127 0.960581 0.232027 1 track_refs/reference_98.jpeg
-1.97235 1.5796 -1.93983 -1.44325 1.3016 -1.13811 0.153127 0.960581 0.232027 1 track_refs/reference_99.jpeg
-1.97235 1.5796 -1.93983 -1.44325 1.3016 -1.13811 0.153127 0.960581 0.232027 1 track_refs/reference_100.jpeg
-1.97235 1.5796 -1.93983 -1.44325 1.3016 -1.13811 0.153127 0.960581 0.232027 1 track_refs/reference_101.jpeg
-1.97235 1.5796 -1.93983 -1.44325 1.3016 -1.13811 0.153127 0.960581 0.232027 1 track_refs/reference_102.jpeg
-1.97235 1.5796 -1.93983 -1.44325 1.3016 -1.13811 0.153127 0.960581 0.232027 1 track_refs/reference_103.jpeg
-1.97235 1.5796 -1.93983 -1.44325 1.3016 -1.13811 0.153127 0.960581 0.232027 1 track_refs/reference_104.jpeg
-1.97235 1.5796 -1.93983 -1.44325 1.3016 -1.13811 0.153127 0.960581 0.232027 1 track_refs/reference_105.jpeg
-1.97235 1.5796 -1.93983 -1.44325 1.3016 -1.13811 0.153127 0.960581 0.232027 1 track_refs/reference_106.jpeg
-1.97235 1.5796 -1.93983 -1.44325 1.3016 -1.13811 0.153127 0.960581 0.232027 1 track_refs/reference_107.jpeg
-1.97235 1.5796 -1.93983 -1.44325 1.3016 -1.13811 0.153127 0.960581 0.232027 1 track_refs/reference_108.jpeg
-1.97235 1.5796 -1.93983 -1.44325 1.3016 -1.13811 0.153127 0.960581 0.232027 1 track_refs/reference_109.jpeg
-1.97235 1.5796 -1.93983 -1.44325 1.3016 -1.13811 0.153127 0.960581 0.232027 1 track_refs/reference_110.jpeg
-1.97235 1.5796 -1.93983 -1.44325 1.3016 -1.13811 0.153127 0.960581 0.232027 1 track_refs/reference_111.jpeg
-1.97235 1.5796 -1.93983 -1.44325 1.3016 -1.13811 0.153127 0.960581 0.232027 1 track_refs/reference_112.jpeg
-1.97235 1.5796 -1.93983 -1.44325 1.3016 -1.13811 0.153127 0.960581 0.232027 1 track_refs/reference_113.jpeg
-1.97235 1.5796 -1.93983 -1.44325 1.3016 -1.13811 0.153127 0.960581 0.232027 1 track_refs/reference_114.jpeg
-1.97235 1.5796 -1.93983 -1.44325 1.3016 -1.13811 0.153127 0.960581 0.232027 1 track_refs/reference_115.jpeg
-1.97235 1.5796 -1.93983 -1.44325 1.3016 -1.13811 0.153127 0.960581 0.232027 1 track_refs/reference_116.jpeg
-1.97235 1.5796 -1.93983 -1.44325 1.3016 -1.13811 0.153127 0.960581 0.232027 1 track_refs/reference_117.jpeg
-1.97235 1.5796 -1.93983 -1.44325 1.3016 -1.13811 0.153127 0.960581 0.232027 1 track_refs/reference_118.jpeg
-1.97235 1.5796 -1.93983 -1.44325 1.3016 -1.13811 0.153127 0.960581 0.232027 1 track_refs/reference_119.jpeg
-1.97235 1.5796 -1.93983 -1.44325 1.3016 -1.13811 0.153127 0.960581 0.232027 1 track_refs/reference_120.jpeg
-1.97235 1.5796 -1.93983 -1.44325 1.3016 -1.13811 0.153127 0.960581 0.232027 1 track_refs/reference_121.jpeg
-1.97235 1.5796 -1.93983 -1.44325 1.3016 -1.13811 0.153127 0.960581 0.232027 1 track_refs/reference_122.jpeg
-1.97235 1.5796 -1.93983 -1.44325 1.3016 -1.13811 0.153127 0.960581 0.232027 1 track_refs/reference_123.jpeg
-1.97235 1.5796 -1.93983 -1.44325 1.3016 -1.13811 0.153127 0.960581 0.232027 1 track_refs/reference_124.jpeg
-1.97235 1.5796 -1.93983 -1.44325 1.3016 -1.13811 0.153127 0.960581 0.232027 1 track_refs/reference_125.jpeg
-1.97235 1.5796 -1.93983 -1.44325 1.3016 -1.13811 0.153127 0.960581 0.232027 1 track_refs/reference_126.jpeg
-1.97235 1.5796 -1.93983 -1.44325 1.3016 -1.13811 0.153127 0.960581 0.232027 1 track_refs/reference_127.jpeg
-1.97235 1.5796 -1.93983 -1.44325 1.3016 -1.13811 0.153127 0.960581 0.232027 1 track_refs/reference_128.jpeg
-1.97235 1.5796 -1.93983 -1.44325 1.3016 -1.13811 0.153127 0.960581 0.232027 1 track_refs/reference_129.jpeg
-1.97235 1.5796 -1.93983 -1.44325 1.3016 -1.13811 0.153127 0.960581 0.232027 1 track_refs/reference_130.jpeg
-1.97235 1.5796 -1.93983 -1.44325 1.3016 -1.13811 0.153127 0.960581 0.232027 1 track_refs/reference_131.jpeg
-1.97235 1.5796 -1.93983 -1.44325 1.3016 -1.13811 0.153127 0.960581 0.232027 1 track_refs/reference_132.jpeg
-1.97235 1.5796 -1.93983 -1.44325 1.3016 -1.13811 0.153127 0.960581 0.232027 1 track_refs/reference_133.jpeg
-1.97235 1.5796 -1.93983 -1.44325 1.3016 -1.13811 0.153127 0.960581 0.232027 1 track_refs/reference_134.jpeg
-1.97235 1.5796 -1.93983 -1.44325 1.3016 -1.13811 0.153127 0.960581 0.232027 1 track_refs/reference_135.jpeg
-1.97235 1.5796 -1.93983 -1.44325 1.3016 -1.13811 0.153127 0.960581 0.232027 1 track_refs/reference_136.jpeg
-1.97235 1.5796 -1.93983 -1.44325 1.3016 -1.13811 0.153127 0.960581 0.232027 1 track_refs/reference_137.jpeg
-1.97235 1.5796 -1.93983 -1.44325 1.3016 -1.13811 0.153127 0.960581 0.232027 1 track_refs/reference_138.jpeg
-1.97235 1.5796 -1.93983 -1.44325 1.3016 -1.13811 0.153127 0.960581 0.232027 1 track_refs/reference_139.jpeg
-1.97235 1.5796 -1.93983 -1.44325 1.3016 -1.13811 0.153127 0.960581 0.232027 1 track_refs/reference_140.jpeg
-1.97235 1.5796 -1.93983 -1.44325 1.3016 -1.13811 0.153127 0.960581 0.232027 1 track_refs/reference_141.jpeg
-1.97235 1.5796 -1.93983 -1.44325 1.3016 -1.13811 0.153127 0.960581 0.232027 1 track_refs/reference_142.jpeg
-1.97235 1.5796 -1.93983 -1.44325 1.3016 -1.13811 0.153127 0.960581 0.232027 1 track_refs/reference_143.jpeg
-1.97235 1.5796 -1.93983 -1.44325 1.3016 -1.13811 0.153127 0.960581 0.232027 1 track_refs/reference_144.jpeg
-1.97235 1.5796 -1.93983 -1.44325 1.3016 -1.13811 0.153127 0.960581 0.232027 1 track_refs/reference_145.jpeg
-1.97235 1.5796 -1.93983 -1.44325 1.3016 -1.13811 0.153127 0.960581 0.232027 1 track_refs/reference_146.jpeg
-1.97235 1.5796 -1.93983 -1.44325 1.3016 -1.13811 0.153127 0.960581 0.232027 1 track_refs/reference_147.jpeg
-1.97235 1.5796 -1.93983 -1.44325 1.3016 -1.13811 0.153127 0.960581 0.232027 1 track_refs/reference_148.jpeg
-1.97235 1.5796 -1.93983 -1.44325 1.3016 -1.13811 0.153127 0.960581 0.232027 1 track_refs/reference_149.jpeg
-1.97235 1.5796 -1.93983 -1.44325 1.3016 -1.13811 0.153127 0.960581 0.232027 1 track_refs/reference_150.jpeg
-1.97235 1.5796 -1.93983 -1.44325 1.3016 -1.13811 0.153127 0.960581 0.232027 1 track_refs/reference_151.jpeg
-1.97235 1.5796 -1.93983 -1.44325 1.3016 -1.13811 0.153127 0.960581 0.232027 1 track_refs/reference_152.jpeg
-1.97235 1.5796 -1.93983 -1.44325 1.3016 -1.13811 0.153127 0.960581 0.232027 1 track_refs/reference_153.jpeg
-1.97235 1.5796 -1.93983 -1.44325 1.3016 -1.13811 0.153127 0.960581 0.232027 1 track_refs/reference_154.jpeg
-1.97235 1.5796 -1.93983 -1.44325 1.3016 -1.13811 0.153127 0.960581 0.232027 1 track_refs/reference_155.jpeg
-1.97235 1.5796 -1.93983 -1.44325 1.3016 -1.13811 0.153127 0.960581 0.232027 1 track_refs/reference_156.jpeg
-1.97235 1.5796 -1.93983 -1.44325 1.3016 -1.13811 0.153127 0.960581 0.232027 1 track_refs/reference_157.jpeg
-1.97235 1.5796 -1.93983 -1.44325 1.3016 -1.13811 0.153127 0.960581 0.232027 1 track_refs/reference_158.jpeg
-1.97235 1.5796 -1.93983 -1.44325 1.3016 -1.13811 0.153127 0.960581 0.232027 1 track_refs/reference_159.jpeg
-1.97235 1.5796 -1.93983 -1.44325 1.3016 -1.13811 0.153127 0.960581 0.232027 1 track_refs/reference_160.jpeg
-1.97235 1.5796 -1.93983 -1.44325 1.3016 -1.13811 0.153127 0.960581 0.232027 1 track_refs/reference_161.jpeg
-1.97235 1.5796 -1.93983 -1.44325 1.3016 -1.13811 0.153127 0.960581 0.232027 1 track_refs/reference_162.jpeg
-1.97235 1.5796 -1.93983 -1.44325 1.3016 -1.13811 0.153127 0.960581 0.232027 1 track_refs/reference_163.jpeg
-1.97235 1.5796 -1.93983 -1.44325 1.3016 -1.13811 0.153127 0.960581 0.232027 1 track_refs/reference_164.jpeg
-1.97235 1.5796 -1.93983 -1.44325 1.3016 -1.13811 0.153127 0.960581 0.232027 1 track_refs/reference_165.jpeg
-1.97235 1.5796 -1.93983 -1.44325 1.3016 -1.13811 0.153127 0.960581 0.232027 1 track_refs/reference_166.jpeg
-1.97235 1.5796 -1.93983 -1.44325 1.3016 -1.13811 0.153127 0.960581 0.232027 1 track_refs/reference_167.jpeg
-1.97235 1.5796 -1.93983 -1.44325 1.3016 -1.13811 0.153127 0.960581 0.232027 1 track_refs/reference_168.jpeg
-1.97235 1.5796 -1.93983 -1.44325 1.3016 -1.13811 0.153127 0.960581 0.232027 1 track_refs/reference_169.jpeg
-1.97235 1.5796 -1.93983 -1.44325 1.3016 -1.13811 0.153127 0.960581 0.232027 1 track_refs/reference_170.jpeg
-1.97235 1.5796 -1.93983 -1.44325 1.3016 -1.13811 0.153127 0.960581 0.232027 1 track_refs/reference_171.jpeg
-1.97235 1.5796 -1.93983 -1.44325 1.3016 -1.13811 0.153127 0.960581 0.232027 1 track_refs/reference_172.jpeg
-1.97235 1.5796 -1.93983 -1.44325 1.3016 -1.13811 0.153127 0.960581 0.232027 1 track_refs/reference_173.jpeg
-1.97235 1.5796 -1.93983 -1.44325 1.3016 -1.13811 0.153127 0.960581 0.232027 1 track_refs/reference_174.jpeg
-1.97235 1.5796 -1.93983 -1.44325 1.3016 -1.13811 0.153127 0.960581 0.232027 1 track_refs/reference_175.jpeg
-1.97235 1.5796 -1.93983 -1.44325 1.3016 -1.13811 0.153127 0.960581 0.232027 1 track_refs/reference_176.jpeg
-1.97235 1.5796 -1.93983 -1.44325 1.3016 -1.13811 0.153127 0.960581 0.232027 1 track_refs/reference_177.jpeg
-1.97235 1.5796 -1.93983 -1.44325 1.3016 -1.13811 0.153127 0.960581 0.232027 1 track_refs/reference_178.jpeg
-1.97235 1.5796 -1.93983 -1.44325 1.3016 -1.13811 0.153127 0.960581 0.232027 1 track_refs/reference_179.jpeg
-1.97235 1.5796 -1.93983 -1.44325 1.3016 -1.13811 0.153127 0.960581 0.232027 1 track_refs/reference_180.jpeg
-1.97235 1.5796 -1.93983 -1.44325 1.3016 -1.13811 0.153127 0.960581 0.232027 1 track_refs/reference_181.jpeg
-1.97235 1.5796 -1.93983 -1.44325 1.3016 -1.13811 0.153127 0.960581 0.232027 1 track_refs/reference_182.jpeg
-1.97235 1.5796 -1.93983 -1.44325 1.3016 -1.13811 0.153127 0.960581 0.232027 1 track_refs/reference_183.jpeg
-1.97235 1.5796 -1.93983 -1.44325 1.3016 -1.13811 0.153127 0.960581 0.232027 1 track_refs/reference_184.jpeg
-1.97235 1.5796 -1.93983 -1.44325 1.3016 -1.13811 0.153127 0.960581 0.232027 1 track_refs/reference_185.jpeg
-1.97235 1.5796 -1.93983 -1.44325 1.3016 -1.13811 0.153127 0.960581 0.232027 1 track_refs/reference_186.jpeg
-1.97235 1.5796 -1.93983 -1.44325 1.3016 -1.13811 0.153127 0.960581 0.232027 1 track_refs/reference_187.jpeg
-1.97235 1.5796 -1.93983 -1.44325 1.3016 -1.13811 0.153127 0.960581 0.232027 1 track_refs/reference_188.jpeg
-1.97235 1.5796 -1.93983 -1.44325 1.3016 -1.13811 0.153127 0.960581 0.232027 1 track_refs/reference_189.jpeg
-1.97235 1.5796 -1.93983 -1.44325 1.3016 -1.13811 0.153127 0.960581 0.232027 1 track_refs/reference_190.jpeg
-1.97235 1.5796 -1.93983 -1.44325 1.3016 -1.13811 0.153127 0.960581 0.232027 1 track_refs/reference_191.jpeg
-1.97235 1.5796 -1.93983 -1.44325 1.3016 -1.13811 0.153127 0.960581 0.232027 1 track_refs/reference_192.jpeg
-1.97235 1.5796 -1.93983 -1.44325 1.3016 -1.13811 0.153127 0.960581 0.232027 1 track_refs/reference_193.jpeg
-1.97235 1.5796 -1.93983 -1.44325 1.3016 -1.13811 0.153127 0.960581 0.232027 1 track_refs/reference_194.jpeg
-1.97235 1.5796 -1.93983 -1.44325 1.3016 -1.13811 0.153127 0.960581 0.232027 1 track_refs/reference_195.jpeg
-1.97235 1.5796 -1.93983 -1.44325 1.3016 -1.13811 0.153127 0.960581 0.232027 1 track_refs/reference_196.jpeg
-1.97235 1.5796 -1.93983 -1.44325 1.3016 -1.13811 0.153127 0.960581 0.232027 1 track_refs/reference_197.jpeg
-1.97235 1.5796 -1.93983 -1.44325 1.3016 -1.13811 0.153127 0.960581 0.232027 1 track_refs/reference_198.jpeg
-1.97235 1.5796 -1.93983 -1.44325 1.3016 -1.13811 0.153127 0.960581 0.232027 1 track_refs/reference_199.jpeg
-1.97235 1.5796 -1.93983 -1.44325 1.3016 -1.13811 0.153127 0.960581 0.232027 1 track_refs/reference_200.jpeg
-1.97235 1.5796 -1.93983 -1.44325 1.3016 -1.13811 0.153127 0.960581 0.232027 1 track_refs/reference_201.jpeg
-1.97235 1.5796 -1.93983 -1.44325 1.3016 -1.13811 0.153127 0.960581 0.232027 1 track_refs/reference_202.jpeg
-1.97235 1.5796 -1.93983 -1.44325 1.3016 -1.13811 0.153127 0.960581 0.232027 1 track_refs/reference_203.jpeg
-1.97235 1.5796 -1.93983 -1.44325 1.3016 -1.13811 0.153127 0.960581 0.232027 1 track_refs/reference_204.jpeg
-1.97235 1.5796 -1.93983 -1.44325 1.3016 -1.13811 0.153127 0.960581 0.232027 1 track_refs/reference_205.jpeg
-1.97235 1.5796 -1.93983 -1.44325 1.3016 -1.13811 0.153127 0.960581 0.232027 1 track_refs/reference_206.jpeg
-1.97235 1.5796 -1.93983 -1.44325 1.3016 -1.13811 0.153127 0.960581 0.232027 1 track_refs/reference_207.jpeg
-1.97235 1.5796 -1.93983 -1.44325 1.3016 -1.13811 0.153127 0.960581 0.232027 1 track_refs/reference_208.jpeg
-1.97235 1.5796 -1.93983 -1.44325 1.3016 -1.13811 0.153127 0.960581 0.232027 1 track_refs/reference_209.jpeg
-1.97235 1.5796 -1.93983 -1.44325 1.3016 -1.13811 0.153127 0.960581 0.232027 1 track_refs/reference_210.jpeg
-1.97235 1.5796 -1.93983 -1.44325 1.3016 -1.13811 0.153127 0.960581 0.232027 1 track_refs/reference_211.jpeg
-1.97235 1.5796 -1.93983 -1.44325 1.3016 -1.13811 0.153127 0.960581 0.232027 1 track_refs/reference_212.jpeg
-1.97235 1.5796 -1.93983 -1.44325 1.3016 -1.13811 0.153127 0.960581 0.232027 1 track_refs/reference_213.jpeg
-1.97235 1.5796 -1.93983 -1.44325 1.3016 -1.13811 0.153127 0.960581 0.232027 1 track_refs/reference_214.jpeg
-1.97235 1.5796 -1.93983 -1.44325 1.3016 -1.13811 0.153127 0.960581 0.232027 1 track_refs/reference_215.jpeg
-1.97235 1.5796 -1.93983 -1.44325 1.3016 -1.13811 0.153127 0.960581 0.232027 1 track_refs/reference_216.jpeg
-1.97235 1.5796 -1.93983 -1.44325 1.3016 -1.13811 0.153127 0.960581 0.232027 1 track_refs/reference_217.jpeg
-1.97235 1.5796 -1.93983 -1.44325 1.3016 -1.13811 0.153127 0.960581 0.232027 1 track_refs/reference_218.jpeg
-1.97235 1.5796 -1.93983 -1.44325 1.3016 -1.13811 0.153127 0.960581 0.232027 1 track_refs/reference_219.jpeg
-1.97235 1.5796 -1.93983 -1.44325 1.3016 -1.13811 0.153127 0.960581 0.232027 1 track_refs/reference_220.jpeg
-1.97235 1.5796 -1.93983 -1.44325 1.3016 -1.13811 0.153127 0.960581 0.232027 1 track_refs/reference_221.jpeg
-1.97235 1.5796 -1.93983 -1.44325 1.3016 -1.13811 0.153127 0.960581 0.232027 1 track_refs/reference_222.jpeg
-1.97235 1.5796 -1.93983 -1.44325 1.3016 -1.13811 0.153127 0.960581 0.232027 1 track_refs/reference_223.jpeg
-1.97235 1.5796 -1.93983 -1.44325 1.3016 -1.13811 0.153127 0.960581 0.232027 1 track_refs/reference_224.jpeg
-1.97235 1.5796 -1.93983 -1.44325 1.3016 -1.13811 0.153127 0.960581 0.232027 1 track_refs/reference_225.jpeg
-1.97235 1.5796 -1.93983 -1.44325 1.3016 -1.13811 0.153127 0.960581 0.232027 1 track_refs/reference_226.jpeg
-1.97235 1.5796 -1.93983 -1.44325 1.3016 -1.13811 0.153127 0.960581 0.232027 1 track_refs/reference_227.jpeg
-1.97235 1.5796 -1.93983 -1.44325 1.3016 -1.13811 0.153127 0.960581 0.232027 1 track_refs/reference_228.jpeg
